Instrct Step CE CI CO RI RO AI AO BI BO II IO MI SI SO HT J  CE = Ctr enable   II = Instr Input
XXXXXXX 0000 0  0  1  0  0  0  0  0  0  0  0  1  0  0  0  0  CI = Ctr Input    IO = Instr Output
XXXXXXX 0001 1  0  0  0  1  0  0  0  0  1  0  0  0  0  0  0  CO = Ctr Output   MI = Mem reg Input
 HLT                                                      0  RI = RAM Input    SI = Sum Input
0000000 0010 0  0  0  0  0  0  0  0  0  0  0  0  0  0  1  0  RO = RAM Output   SO = Sum Output
 LDA                                                         AI = A reg Input  HT = Halt
0000001 0010 1  0  0  0  0  0  0  0  0  0  0  0  0  0  0  0  AO = A reg Output J  = Jump
0000001 0011 0  0  1  0  0  0  0  0  0  0  0  1  0  0  0  0  BI = B reg Input
0000001 0100 0  0  0  0  1  1  0  0  0  0  0  0  0  0  0  0  BO = B reg Output
0000001 0101 0  0  0  0  0  0  1  0  0  0  0  1  0  0  0  0
0000001 0110 0  0  0  0  1  1  0  0  0  0  0  0  0  0  0  0
 LDB
0000010 0010 1  0  0  0  0  0  0  0  0  0  0  0  0  0  0  0
0000010 0011 0  0  1  0  0  0  0  0  0  0  0  1  0  0  0  0
0000010 0100 0  0  0  0  1  0  0  1  0  0  0  0  0  0  0  0
0000010 0101 0  0  0  0  0  0  0  0  1  0  0  1  0  0  0  0
0000010 0110 0  0  0  0  1  0  0  1  0  0  0  0  0  0  0  0
 LDH
0000011 0010 1  0  0  0  0  0  0  0  0  0  0  0  0  0  0  0
0000011 0011 0  0  1  0  0  0  0  0  0  0  0  1  0  0  0  0
0000011 0100 0  0  0  0  0  0  0  0  0  0  0  0  1  0  0  0
0000011 0101 1  0  0  0  1  0  0  1  0  0  0  0  0  0  0  0
0000011 0110 0  0  1  0  0  0  0  0  0  0  0  1  0  0  0  0
0000011 0111 0  0  0  0  1  0  0  0  0  0  0  1  0  0  0  0
0000011 1000 0  0  0  0  0  0  0  0  1  0  0  1  0  0  0  1
0000011 1001 0  0  0  1  0  0  1  0  0  0  0  0  0  0  0  0
 ADD
0000101 0010 0  0  0  0  0  0  0  0  0  0  1  0  1  0  0  0
0000101 0011 0  0  0  0  0  1  0  0  0  0  0  0  0  1  0  0
 SUB
0000110 0010 0  0  0  0  0  0  0  0  0  0  1  0  1  0  0  0
0000110 0011 0  0  0  0  0  1  0  0  0  0  0  0  0  1  0  0
 STO
0000111 0010 1  0  0  0  0  0  0  0  0  0  0  0  0  0  0  0
0000111 0011 0  0  1  0  0  0  0  0  0  0  0  1  0  0  0  0
0000111 0100 0  0  0  0  1  0  0  0  0  0  0  1  0  0  0  0
0000111 0101 0  0  0  1  0  0  1  0  0  0  0  0  0  0  0  0
 STH
0001000 0010 1  0  0  0  0  0  0  0  0  0  0  0  0  0  0  0
0001000 0011 0  0  1  0  0  0  0  0  0  0  0  1  0  0  0  0
0001000 0100 0  0  0  0  0  1  0  0  0  0  0  0  0  0  0  0
0001000 0101 1  0  0  0  1  0  0  1  0  0  0  0  0  0  0  0
0001000 0110 0  0  1  0  0  0  0  0  0  0  0  1  0  0  0  0
0001000 0111 0  0  0  0  1  0  0  0  0  0  0  1  0  0  0  0
0001000 1000 0  0  0  0  0  0  0  0  1  0  0  1  0  0  0  1
0001000 1001 0  0  0  1  0  0  1  0  0  0  0  0  0  0  0  0
 JMP
0001001 0010 1  0  0  0  0  0  0  0  0  0  0  0  0  0  0  0
0001001 0011 0  0  1  0  0  0  0  0  0  0  0  1  0  0  0  0
0001001 0100 0  1  0  0  1  0  0  0  0  0  0  0  0  0  0  0
 JZ
0001010 0010 1  0  0  0  0  0  0  0  0  0  0  0  0  0  0  0
0001010 0011 0  0  1  0  0  0  0  0  0  0  0  1  0  0  0  0
0001010 0100 0  0  0  0  0  0  0  0  0  0  1  0  1  0  0  0
0001010 0101 0  1  0  0  1  0  0  0  0  0  0  0  0  0  0  1
 JEQ
0001011 0010 1  0  0  0  0  0  0  0  0  0  0  0  0  0  0  0
0001011 0011 0  0  1  0  0  0  0  0  0  0  0  1  0  0  0  0
0001011 0100 0  0  0  0  0  0  0  0  0  0  1  0  1  0  0  0
0001011 0101 0  1  0  0  1  0  0  0  0  0  0  0  0  0  0  1
 JC
0001100 0010 1  0  0  0  0  0  0  0  0  0  0  0  0  0  0  0
0001100 0011 0  0  1  0  0  0  0  0  0  0  0  1  0  0  0  0
0001100 0100 0  0  0  0  0  0  0  0  0  0  1  0  1  0  0  0
0001100 0100 0  1  0  0  1  0  0  0  0  0  0  0  0  0  0  1
 JP
0001101 0010 1  0  0  0  0  0  0  0  0  0  0  0  0  0  0  0
0001101 0011 0  0  1  0  0  0  0  0  0  0  0  1  0  0  0  0
0001101 0100 0  0  0  0  0  0  0  0  0  0  1  0  1  0  0  0
0001101 0100 0  1  0  0  1  0  0  0  0  0  0  0  0  0  0  1
