000 20 10
001 88 40
002 00 02
010 20 10
011 88 40
012 80 00
013 20 10
014 0C 00
015 02 10
016 0C 00
020 20 10
021 88 40
022 80 00
023 20 10
024 09 00
025 00 90
026 09 00
030 20 10
031 88 40
032 80 00
033 20 10
034 00 08
035 89 00
036 20 10
037 08 10
00000111000 00000000 10010001 038 00 91
00000111001 00010010 00000000 039 12 00
00001010000 00100000 00010000 050 20 10
00001010001 10001000 01000000 051 88 40
00001010010 00000000 00101000 052 00 28
00001010011 00000100 00000100 053 04 04
00001100000 00100000 00010000 060 20 10
00001100001 10001000 01000000 061 88 40
00001100010 00000000 00101000 062 00 28
00001100011 00000100 00000100 063 04 04
00001110000 00100000 00010000 070 20 10
00001110001 10001000 01000000 071 88 40
00001110010 10000000 00000000 072 80 00
00001110011 00100000 00010000 073 20 10
00001110100 00001000 00010000 074 08 10
00001110101 00010010 00000000 075 12 00
00010000000 00100000 00010000 080 20 10
00010000001 10001000 01000000 081 88 40
00010000010 10000000 00000000 082 80 00
00010000011 00100000 00010000 083 20 10
00010000100 00000100 00000000 084 04 00
00010000101 10001001 00000000 085 89 00
00010000110 00100000 00010000 086 20 10
00010000111 00001000 00010000 087 08 10
00010001000 00000000 10010001 088 00 91
00010001001 00010010 00000000 089 12 00
00010010000 00100000 00010000 090 20 10
00010010001 10001000 01000000 091 88 40
00010010010 10000000 00000000 092 80 00
00010010011 00100000 00010000 093 20 10
00010010100 01001000 00000000 094 48 00
00010100000 00100000 00010000 0A0 20 10
00010100001 10001000 01000000 0A1 88 40
00010100010 10000000 00000000 0A2 80 00
00010100011 00100000 00010000 0A3 20 10
00010100100 00000000 00101000 0A4 00 28
00010100101 01001000 00000001 0A5 48 01
00010110000 00100000 00010000 0B0 20 10
00010110001 10001000 01000000 0B1 88 40
00010110010 10000000 00000000 0B2 80 00
00010110011 00100000 00010000 0B3 20 10
00010110100 00000000 00101000 0B4 00 28
00010110101 01001000 00000001 0B5 48 01
00011000000 00100000 00010000 0C0 20 10
00011000001 10001000 01000000 0C1 88 40
00011000010 10000000 00000000 0C2 80 00
00011000011 00100000 00010000 0C3 20 10
00011000100 00000000 00101000 0C4 00 28
00011000101 01001000 00000001 0C5 48 01
00011010000 00100000 00010000 0D0 20 10
00011010001 10001000 01000000 0D1 88 40
00011010010 10000000 00000000 0D2 80 00
00011010011 00100000 00010000 0D3 20 10
00011010100 00000000 00101000 0D4 00 28
00011010101 01001000 00000001 0D5 48 01