
XXXXXXX 0000 00100000 00010000 
XXXXXXX 0001 10001000 01000000 

 HLT                            
0000000 0000 00000000 00000010 | 00 02
0000000 0001 00100000 00010000 | 20 10
0000000 0010 10001000 01000000 | 88 40
 LDA                       
0000001 0000 10000000 00000000 | 80 00
0000001 0001 00100000 00010000 | 20 10
0000001 0010 00001100 00000000 | 0C 00
0000001 0011 00000010 00010000 | 02 10
0000001 0100 00001100 00000000 | 0C 00
0000001 0101 00100000 00010000 | 20 10
0000001 0110 10001000 01000000 | 88 40
 LDB
0000010 0000 10000000 00000000 | 80 00
0000010 0001 00100000 00010000 | 20 10
0000010 0010 00001001 00000000 | 09 00
0000010 0011 00000000 10010000 | 00 90
0000010 0100 00001001 00000000 | 09 00
0000010 0101 00100000 00010000 | 20 10
0000010 0110 10001000 01000000 | 88 40
 LDH
0000011 0000 10000000 00000000 | 80 00
0000011 0001 00100000 00010000 | 20 10
0000011 0010 10001001 00000000 | 89 00
0000011 0011 00100000 00010000 | 20 10
0000011 0100 00001000 00010000 | 08 10
0000011 0101 00000000 10010001 | 00 91
0000011 0110 00010010 00000000 | 12 00
0000011 0111 00100000 00010000 | 20 10
0000011 1000 10001000 01000000 | 88 40
 ADD
0000101 0000 00000000 00101000 | 00 28
0000101 0001 00000100 00000100 | 04 04
0000101 0010 00100000 00010000 | 20 10
0000101 0011 10001000 01000000 | 88 40
 SUB
0000110 0000 00000000 00101000 | 00 28
0000110 0001 00000100 00000100 | 04 04
0000110 0010 00100000 00010000 | 20 10
0000110 0011 10001000 01000000 | 88 40
 STO
0000111 0000 10000000 00000000 | 80 00
0000111 0001 00100000 00010000 | 20 10
0000111 0010 00001000 00010000 | 08 10
0000111 0011 00010010 00000000 | 12 00
0000111 0100 00100000 00010000 | 20 10
0000111 0101 10001000 01000000 | 88 40
 STH
0001000 0000 10000000 00000000 | 80 00
0001000 0001 00100000 00010000 | 20 10
0001000 0010 00000100 00000000 | 04 00
0001000 0011 10001001 00000000 | 89 00
0001000 0100 00100000 00010000 | 20 10
0001000 0101 00001000 00010000 | 08 10
0001000 0110 00000000 10010001 | 00 91
0001000 0111 00010010 00000000 | 12 00
0001000 1000 00100000 00010000 | 20 10
0001000 1001 10001000 01000000 | 88 40
 JMP
0001001 0000 10000000 00000000 | 80 00
0001001 0001 00100000 00010000 | 20 10
0001001 0010 01001000 00000000 | 48 00
0001001 0011 00100000 00010000 | 20 10
0001001 0100 10001000 01000000 | 88 40
 JZ
0001010 0000 10000000 00000000 | 80 00
0001010 0001 00100000 00010000 | 20 10
0001010 0010 00000000 00101000 | 00 28
0001010 0011 01001000 00000001 | 48 01
0001010 0100 00100000 00010000 | 20 10
0001010 0101 10001000 01000000 | 88 40
 JEQ
0001011 0000 10000000 00000000 | 80 00
0001011 0001 00100000 00010000 | 20 10
0001011 0010 00000000 00101000 | 00 28
0001011 0011 01001000 00000001 | 48 01
0001011 0100 00100000 00010000 | 20 10
0001011 0101 10001000 01000000 | 88 40
 JC
0001100 0000 10000000 00000000 | 80 00
0001100 0001 00100000 00010000 | 20 10
0001100 0010 00000000 00101000 | 00 28
0001100 0011 01001000 00000001 | 48 01
0001100 0100 00100000 00010000 | 20 10
0001100 0101 10001000 01000000 | 88 40
 JP
0001101 0000 10000000 00000000 | 80 00
0001101 0001 00100000 00010000 | 20 10
0001101 0010 00000000 00101000 | 00 28
0001101 0011 01001000 00000001 | 48 01
0001101 0100 00100000 00010000 | 20 10
0001101 0101 10001000 01000000 | 88 40
