00000000000 00 02
00000000001 20 10
00000000010 88 40         
00000010000 80 00
00000010001 20 10
00000010010 0C 00
00000010011 02 10
00000010100 0C 00
00000010101 20 10
00000010110 88 40
00000100000 80 00
00000100001 20 10
00000100010 09 00
00000100011 00 90
00000100100 09 00
00000100101 20 10
00000100110 88 40
00000110000 80 00
00000110001 20 10
00000110010 89 00
00000110011 20 10
00000110100 08 10
00000110101 00 91
00000110110 12 00
00000110111 20 10
00000111000 88 40
00001010000 00 28
00001010001 04 04
00001010010 20 10
00001010011 88 40
00001100000 00 28
00001100001 04 04
00001100010 20 10
00001100011 88 40
00001110000 80 00
00001110001 20 10
00001110010 08 10
00001110011 12 00
00001110100 20 10
00001110101 88 40
00010000000 80 00
00010000001 20 10
00010000010 04 00
00010000011 89 00
00010000100 20 10
00010000101 08 10
00010000110 00 91
00010000111 12 00
00010001000 20 10
00010001001 88 40
00010010000 80 00
00010010001 20 10
00010010010 48 00
00010010011 20 10
00010010100 88 40
00010100000 80 00
00010100001 20 10
00010100010 00 28
00010100011 48 01
00010100100 20 10
00010100101 88 40
00010110000 80 00
00010110001 20 10
00010110010 00 28
00010110011 48 01
00010110100 20 10
00010110101 88 40
00011000000 80 00
00011000001 20 10
00011000010 00 28
00011000011 48 01
00011000100 20 10
00011000101 88 40
00011010000 80 00
00011010001 20 10
00011010010 00 28
00011010011 48 01
00011010100 20 10
00011010101 88 40
